0
2
3
4
5
7
11
14
14
14
17
17
19
19
21
22
27
34
35
42
42
45
47
48
53
53
57
62
64
70
71
73
73
76
77
79
80
82
88
96
98
106
110
122
123
124
127
129
131
131
135
135
136
137
141
154
158
164
171
172
178
185
188
190
196
196
197
205
216
216
220
222
223
224
226
228
230
235
236
237
239
240
246
247
249
249
251
255
257
258
260
261
261
277
278
278
279
280
281
281
284
286
286
287
288
301
304
305
305
306
307
309
310
313
315
316
322
322
323
324
329
329
332
337
341
343
344
354
354
357
360
360
364
366
368
369
369
370
376
377
378
378
378
390
392
392
395
395
396
396
400
401
401
401
403
404
405
408
415
418
419
424
429
429
429
432
435
440
445
446
447
456
458
462
462
466
466
466
469
475
477
478
480
487
496
497
503
504
509
510
510
514
514
517
517
524
525
525
527
529
535
536
537
542
542
543
543
545
547
551
555
555
556
557
559
560
564
565
567
570
573
577
580
586
588
593
593
598
601
601
602
609
611
611
614
619
619
631
631
632
632
633
634
635
637
639
642
642
643
643
648
651
653
653
654
656
658
661
666
666
670
674
674
675
686
687
687
693
694
695
695
696
696
699
703
704
706
708
710
713
714
714
714
715
726
730
731
735
736
742
743
745
745
748
751
753
754
756
758
762
762
762
762
766
768
768
772
773
774
778
779
785
786
787
788
790
795
796
812
813
814
816
821
822
825
836
837
839
842
844
844
848
851
853
853
854
856
857
858
863
872
886
890
892
897
898
899
900
901
905
908
909
909
915
918
921
921
922
922
923
923
925
928
929
929
937
940
942
943
947
949
950
952
954
955
958
966
967
969
970
971
976
976
978
980
982
982
985
986
993
998
1002
1006
1008
1008
1012
1017
1019
1019
1021
1022
1035
1038
1040
1042
1043
1044
1046
1048
1051
1055
1056
1057
1063
1065
1065
1066
1067
1071
1081
1094
1095
1095
1104
1105
1110
1112
1113
1115
1116
1116
1116
1118
1123
1123
1125
1126
1128
1131
1135
1138
1141
1143
1144
1144
1148
1149
1152
1153
1156
1158
1158
1159
1162
1163
1165
1166
1169
1171
1171
1175
1176
1178
1179
1179
1182
1186
1187
1196
1199
1200
1200
1201
1201
1204
1207
1209
1211
1213
1215
1217
1219
1223
1226
1226
1228
1228
1228
1230
1237
1237
1240
1247
1247
1248
1249
1256
1256
1256
1257
1258
1259
1260
1260
1265
1269
1269
1274
1275
1279
1281
1284
1285
1286
1294
1298
1298
1303
1304
1313
1317
1319
1319
1319
1320
1321
1327
1329
1331
1334
1336
1341
1348
1349
1349
1350
1352
1358
1362
1362
1365
1365
1367
1367
1377
1378
1379
1380
1382
1383
1387
1393
1400
1404
1407
1413
1423
1425
1426
1427
1430
1435
1436
1442
1443
1446
1446
1448
1450
1450
1452
1463
1465
1467
1472
1474
1474
1478
1480
1480
1480
1482
1484
1493
1495
1495
1497
1499
1499
1501
1505
1506
1508
1509
1510
1511
1516
1516
1522
1523
1527
1529
1529
1534
1534
1537
1538
1542
1543
1545
1549
1549
1550
1554
1558
1559
1559
1561
1561
1562
1563
1563
1565
1566
1567
1568
1572
1575
1575
1576
1577
1578
1580
1580
1591
1592
1592
1593
1597
1598
1600
1601
1606
1609
1613
1613
1615
1616
1619
1621
1621
1623
1625
1626
1627
1627
1632
1640
1641
1642
1644
1644
1649
1650
1652
1653
1656
1658
1663
1671
1674
1674
1674
1675
1675
1683
1685
1689
1689
1691
1692
1695
1696
1697
1700
1701
1701
1702
1704
1705
1705
1711
1714
1718
1719
1719
1721
1727
1728
1730
1734
1743
1747
1751
1754
1755
1755
1756
1757
1757
1758
1758
1761
1764
1767
1768
1770
1771
1777
1781
1783
1785
1786
1787
1788
1791
1793
1795
1795
1796
1797
1808
1808
1812
1812
1816
1819
1820
1822
1823
1824
1825
1825
1827
1831
1833
1839
1839
1840
1842
1843
1846
1853
1855
1855
1856
1858
1858
1859
1863
1863
1864
1867
1869
1871
1873
1874
1875
1875
1889
1890
1890
1892
1892
1894
1900
1902
1904
1905
1905
1906
1906
1908
1908
1909
1915
1916
1916
1919
1926
1932
1938
1938
1940
1942
1942
1946
1947
1948
1950
1957
1958
1961
1962
1965
1967
1967
1976
1979
1982
1984
1986
1990
1992
1994
1997
1997
2001
2003
2003
2004
2009
2010
2026
2027
2031
2035
2035
2036
2037
2039
2040
2041
2044
2045
2052
2054
2054
2061
2063
2064
2066
2067
2073
2076
2077
2078
2079
2080
2081
2084
2094
2094
2098
2100
2100
2104
2105
2109
2111
2117
2125
2126
2127
2129
2133
2133
2134
2134
2141
2144
2147
2148
2153
2156
2157
2157
2158
2159
2159
2159
2161
2163
2164
2167
2170
2177
2178
2182
2185
2186
2186
2189
2189
2189
2190
2191
2197
2198
2198
2203
2203
2204
2212
2215
2221
2223
2223
2225
2226
2229
2231
2242
2244
2246
2247
2247
2249
2249
2250
2254
2256
2257
2259
2266
2270
2271
2273
2275
2281
2287
2289
2296
2297
2298
2300
2302
2303
2310
2319
2332
2334
2338
2340
2347
2347
2347
2348
2349
2349
2351
2352
2353
2358
2359
2359
2367
2373
2380
2383
2385
2385
2386
2388
2390
2390
2395
2401
2409
2413
2414
2417
2421
2421
2421
2422
2422
2427
2431
2433
2434
2435
2437
2445
2445
2455
2457
2459
2459
2460
2460
2466
2466
2467
2468
2471
2477
2481
2483
2485
2490
2495
2496
2501
2503
2509
2513
2520
2524
2524
2527
2533
2538
2539
2540
2543
2544
2546
2547
2549
2550
2554
2555
2556
2559
2566
2567
2569
2576
2578
2578
2580
2580
2584
2584
2584
2585
2588
2588
2591
2597
2600
2605
2618
2619
2620
2621
2621
2625
2630
2636
2637
2640
2640
2644
2646
2648
2649
2655
2663
2665
2670
2672
2674
2674
2677
2678
2686
2694
2701
2705
2705
2706
2710
2710
2711
2712
2714
2715
2716
2719
2719
2720
2722
2727
2728
2732
2736
2736
2739
2747
2751
2753
2754
2757
2759
2761
2762
2763
2764
2766
2769
2769
2770
2773
2777
2780
2784
2785
2787
2790
2790
2791
2793
2794
2798
2802
2804
2807
2820
2821
2823
2825
2826
2829
2829
2831
2833
2833
2836
2841
2844
2846
2846
2848
2851
2858
2859
2861
2862
2868
2875
2877
2886
2887
2889
2890
2894
2897
2908
2911
2912
2921
2926
2930
2931
2939
2940
2942
2945
2949
2950
2951
2956
2957
2964
2964
2968
2971
2977
2979
2979
2980
2981
2982
2982
2983
2985
2988
2989
2990
2991
2995
2996
2997
3000
3005
3007
3009
3010
3013
3019
3022
3028
3030
3033
3035
3040
3041
3042
3044
3046
3048
3050
3051
3053
3056
3059
3061
3062
3067
3075
3080
3080
3081
3081
3085
3091
3096
3100
3103
3111
3116
3120
3134
3135
3135
3136
3137
3138
3139
3142
3143
3143
3146
3146
3153
3153
3154
3156
3159
3165
3169
3169
3175
3176
3176
3177
3178
3184
3184
3185
3185
3188
3190
3193
3194
3197
3198
3200
3202
3205
3215
3215
3223
3224
3234
3238
3238
3238
3239
3240
3240
3245
3248
3248
3248
3253
3254
3257
3259
3260
3261
3264
3267
3268
3271
3271
3277
3281
3282
3282
3286
3286
3287
3290
3291
3293
3293
3299
3302
3305
3308
3312
3317
3322
3322
3328
3329
3329
3332
3332
3335
3335
3340
3341
3343
3347
3349
3349
3350
3354
3358
3358
3359
3365
3368
3372
3374
3376
3376
3377
3378
3378
3379
3392
3392
3401
3404
3404
3416
3418
3418
3420
3424
3425
3428
3432
3432
3432
3440
3442
3443
3444
3451
3452
3454
3455
3460
3465
3466
3466
3467
3468
3469
3469
3470
3472
3477
3484
3488
3493
3495
3498
3500
3501
3502
3506
3512
3516
3516
3518
3518
3519
3519
3526
3527
3527
3529
3532
3543
3548
3561
3562
3564
3566
3571
3579
3583
3591
3591
3592
3592
3593
3595
3598
3604
3605
3606
3607
3607
3608
3610
3611
3613
3614
3619
3620
3622
3624
3625
3628
3630
3635
3636
3637
3640
3641
3645
3647
3647
3650
3652
3653
3662
3665
3667
3668
3668
3678
3680
3680
3681
3681
3681
3683
3684
3685
3686
3690
3698
3701
3702
3705
3707
3710
3714
3718
3720
3720
3724
3728
3729
3731
3732
3733
3733
3734
3734
3737
3740
3741
3742
3746
3755
3757
3758
3759
3764
3765
3770
3772
3776
3779
3780
3781
3783
3784
3785
3792
3796
3797
3806
3810
3812
3812
3812
3813
3818
3820
3821
3825
3826
3828
3830
3833
3834
3834
3835
3835
3836
3838
3838
3838
3841
3841
3846
3849
3852
3853
3855
3858
3859
3862
3862
3864
3869
3870
3875
3877
3878
3886
3887
3887
3891
3903
3903
3907
3908
3909
3909
3909
3909
3911
3913
3914
3916
3917
3918
3920
3921
3921
3922
3923
3928
3930
3931
3933
3938
3941
3942
3945
3949
3949
3954
3954
3971
3976
3979
3980
3982
3982
3983
3984
3987
3989
3992
3996
3997
4000
4006
4009
4015
4015
4018
4019
4023
4025
4026
4028
4029
4030
4037
4038
4042
4043
4048
4049
4055
4055
4056
4057
4059
4059
4060
4063
4072
4073
4074
4077
4078
4082
4083
4084
4092
4095
4099
4099
4101
4102
4111
4113
4116
4118
4118
4120
4121
4121
4123
4128
4136
4136
4137
4140
4144
4145
4145
4145
4150
4152
4153
4157
4158
4159
4160
4161
4165
4169
4171
4171
4173
4177
4184
4186
4193
4194
4195
4196
4197
4201
4202
4205
4206
4212
4212
4214
4217
4219
4224
4224
4231
4232
4233
4235
4235
4239
4241
4241
4243
4250
4251
4253
4260
4262
4267
4268
4271
4271
4272
4274
4280
4281
4289
4297
4299
4301
4302
4303
4304
4306
4306
4306
4306
4307
4307
4310
4315
4315
4322
4329
4330
4334
4336
4337
4338
4340
4343
4344
4349
4350
4354
4356
4360
4363
4363
4364
4366
4376
4376
4376
4380
4382
4385
4385
4387
4388
4389
4389
4390
4394
4394
4403
4405
4406
4406
4420
4421
4425
4433
4435
4439
4439
4440
4446
4453
4453
4458
4459
4461
4463
4467
4468
4475
4477
4480
4485
4486
4487
4488
4489
4489
4494
4498
4506
4511
4513
4514
4518
4518
4518
4520
4522
4526
4530
4533
4534
4538
4539
4540
4543
4543
4544
4544
4547
4550
4552
4554
4556
4557
4560
4562
4565
4565
4567
4567
4568
4570
4570
4577
4579
4581
4581
4581
4583
4587
4591
4592
4595
4595
4596
4597
4597
4599
4600
4605
4609
4610
4611
4613
4613
4616
4617
4617
4619
4622
4625
4634
4637
4640
4646
4650
4655
4657
4658
4659
4660
4660
4662
4662
4664
4667
4668
4670
4671
4672
4674
4681
4682
4685
4686
4687
4689
4694
4694
4694
4695
4695
4697
4699
4701
4710
4712
4719
4721
4723
4723
4725
4726
4726
4726
4726
4728
4731
4732
4733
4733
4734
4735
4736
4747
4749
4751
4753
4754
4759
4761
4762
4763
4763
4767
4769
4772
4772
4773
4777
4780
4792
4793
4794
4796
4798
4805
4811
4814
4818
4818
4823
4828
4829
4830
4836
4841
4843
4844
4844
4846
4846
4847
4848
4848
4852
4855
4856
4857
4859
4861
4861
4864
4868
4873
4875
4880
4880
4886
4886
4887
4891
4895
4898
4898
4903
4903
4904
4922
4923
4923
4924
4929
4932
4934
4935
4936
4948
4950
4952
4955
4956
4957
4958
4958
4960
4974
4976
4977
4977
4985
4985
4990
4992
5000
5001
5001
5003
5003
5005
5011
5014
5014
5016
5016
5021
5021
5021
5026
5028
5028
5034
5037
5037
5039
5039
5043
5043
5044
5044
5045
5047
5047
5058
5067
5073
5076
5080
5082
5083
5085
5089
5093
5094
5104
5104
5105
5105
5105
5108
5110
5110
5112
5115
5117
5117
5120
5121
5123
5130
5131
5132
5134
5140
5141
5142
5155
5155
5158
5158
5160
5161
5166
5167
5172
5174
5181
5181
5181
5182
5184
5188
5191
5196
5198
5200
5201
5201
5204
5207
5207
5207
5208
5208
5210
5212
5214
5222
5223
5226
5231
5239
5240
5242
5247
5250
5254
5257
5259
5268
5270
5271
5273
5275
5286
5287
5289
5289
5291
5292
5297
5300
5301
5301
5304
5307
5308
5309
5311
5312
5312
5316
5319
5322
5326
5328
5333
5333
5336
5337
5340
5341
5342
5344
5348
5350
5350
5350
5360
5367
5372
5373
5375
5381
5381
5383
5387
5389
5390
5393
5394
5400
5401
5401
5402
5403
5408
5412
5417
5420
5421
5423
5424
5425
5425
5429
5439
5439
5441
5442
5444
5447
5449
5449
5453
5453
5458
5459
5461
5462
5466
5472
5473
5483
5488
5488
5489
5492
5493
5497
5498
5499
5504
5508
5508
5514
5515
5515
5518
5518
5521
5522
5523
5525
5525
5526
5528
5530
5536
5539
5543
5548
5552
5563
5563
5564
5565
5568
5571
5573
5575
5578
5578
5584
5593
5597
5599
5600
5600
5602
5603
5604
5604
5605
5605
5606
5609
5610
5612
5612
5614
5624
5626
5627
5628
5630
5634
5639
5646
5650
5650
5655
5669
5673
5681
5683
5684
5689
5690
5692
5692
5693
5695
5696
5696
5698
5700
5703
5704
5705
5705
5709
5711
5712
5712
5716
5716
5726
5729
5730
5741
5745
5746
5746
5746
5747
5749
5750
5750
5753
5755
5758
5758
5759
5761
5762
5763
5765
5766
5768
5769
5770
5770
5776
5776
5779
5779
5780
5786
5789
5791
5802
5802
5803
5803
5808
5810
5811
5816
5817
5817
5821
5827
5830
5832
5837
5842
5843
5844
5847
5847
5851
5858
5859
5861
5864
5867
5868
5870
5871
5871
5872
5876
5877
5877
5879
5879
5880
5881
5883
5886
5893
5896
5897
5900
5901
5902
5903
5909
5910
5913
5913
5914
5914
5915
5924
5925
5926
5928
5928
5934
5934
5935
5942
5943
5947
5947
5949
5953
5955
5960
5963
5964
5970
5973
5974
5977
5978
5979
5981
5983
5992
5994
5995
5995
6001
6003
6003
6004
6009
6011
6024
6025
6026
6027
6030
6040
6042
6042
6043
6043
6051
6053
6056
6068
6085
6086
6086
6086
6086
6087
6093
6095
6098
6109
6111
6112
6117
6121
6122
6123
6129
6131
6132
6134
6134
6140
6141
6143
6143
6150
6150
6150
6150
6165
6166
6167
6168
6172
6173
6178
6179
6180
6182
6182
6183
6184
6184
6186
6187
6192
6207
6208
6209
6210
6212
6213
6218
6225
6226
6228
6229
6232
6233
6236
6237
6238
6248
6255
6256
6260
6264
6270
6271
6274
6275
6278
6278
6283
6284
6288
6291
6292
6296
6298
6299
6299
6299
6303
6313
6315
6317
6320
6323
6324
6327
6328
6331
6331
6333
6334
6336
6337
6338
6339
6341
6346
6351
6351
6353
6359
6360
6363
6366
6373
6373
6374
6379
6384
6385
6388
6389
6399
6402
6402
6410
6425
6427
6427
6432
6433
6435
6436
6442
6443
6449
6450
6456
6463
6469
6475
6477
6483
6486
6493
6495
6498
6498
6500
6506
6507
6512
6516
6518
6520
6524
6526
6537
6538
6538
6539
6539
6540
6540
6545
6547
6548
6549
6553
6553
6555
6565
6569
6571
6572
6574
6576
6577
6577
6580
6582
6582
6584
6595
6596
6598
6598
6604
6604
6606
6611
6611
6611
6613
6615
6615
6615
6616
6618
6624
6628
6628
6628
6629
6631
6632
6632
6634
6635
6637
6648
6649
6651
6665
6665
6666
6666
6669
6675
6677
6678
6689
6691
6693
6698
6704
6705
6706
6706
6707
6713
6716
6720
6720
6725
6725
6733
6733
6734
6734
6735
6736
6737
6739
6740
6740
6741
6742
6746
6746
6748
6752
6757
6763
6791
6798
6799
6799
6800
6801
6803
6806
6806
6809
6809
6814
6817
6820
6826
6827
6831
6834
6835
6840
6845
6846
6852
6855
6859
6860
6861
6861
6864
6867
6868
6868
6871
6872
6874
6876
6880
6885
6886
6886
6888
6893
6899
6900
6903
6907
6907
6907
6908
6908
6911
6913
6918
6918
6920
6920
6921
6925
6930
6937
6940
6941
6942
6947
6950
6953
6954
6955
6956
6957
6958
6960
6960
6966
6968
6969
6969
6970
6972
6977
6980
6981
6982
6983
6983
6984
6984
6984
6989
6991
6993
6995
6995
6998
7000
7003
7015
7015
7016
7018
7022
7025
7027
7027
7027
7037
7038
7039
7042
7053
7054
7057
7060
7061
7062
7069
7070
7070
7071
7071
7072
7072
7072
7072
7076
7076
7076
7077
7077
7081
7087
7091
7091
7094
7097
7099
7101
7103
7106
7117
7119
7119
7119
7120
7124
7124
7125
7133
7135
7140
7154
7154
7154
7156
7157
7157
7159
7163
7164
7165
7166
7166
7168
7169
7171
7172
7173
7174
7175
7179
7179
7180
7180
7183
7183
7184
7184
7184
7187
7189
7189
7190
7191
7193
7196
7197
7198
7199
7200
7201
7206
7207
7208
7210
7212
7212
7215
7218
7219
7220
7221
7222
7230
7231
7239
7242
7244
7244
7246
7251
7253
7256
7260
7260
7262
7265
7274
7274
7276
7276
7279
7282
7282
7286
7287
7287
7289
7292
7293
7293
7293
7294
7298
7298
7301
7305
7306
7307
7315
7316
7320
7324
7328
7331
7332
7333
7335
7339
7341
7342
7347
7347
7351
7352
7352
7353
7354
7355
7359
7359
7360
7361
7364
7365
7366
7371
7375
7377
7380
7384
7384
7388
7389
7390
7390
7394
7399
7402
7402
7403
7409
7410
7415
7422
7425
7427
7429
7429
7429
7430
7434
7442
7447
7447
7447
7448
7455
7462
7468
7468
7469
7477
7477
7477
7479
7481
7483
7494
7495
7495
7495
7497
7500
7500
7503
7504
7505
7506
7509
7511
7512
7514
7516
7517
7519
7520
7520
7522
7522
7528
7532
7532
7533
7534
7534
7536
7540
7540
7543
7549
7557
7566
7568
7573
7580
7581
7584
7584
7585
7589
7593
7596
7596
7597
7597
7602
7603
7604
7604
7608
7609
7613
7619
7620
7620
7625
7627
7629
7629
7630
7631
7636
7637
7641
7641
7644
7644
7645
7646
7647
7648
7652
7654
7654
7656
7660
7664
7664
7664
7668
7669
7669
7669
7670
7677
7679
7681
7683
7689
7693
7698
7700
7703
7704
7709
7710
7711
7712
7717
7717
7718
7718
7718
7721
7729
7740
7743
7744
7752
7754
7756
7758
7758
7761
7761
7765
7768
7773
7776
7776
7776
7778
7783
7788
7789
7797
7798
7800
7801
7801
7805
7816
7824
7825
7825
7826
7827
7827
7833
7833
7836
7837
7839
7839
7843
7846
7847
7848
7849
7850
7852
7854
7856
7858
7864
7864
7866
7871
7872
7872
7873
7880
7881
7882
7882
7882
7884
7887
7887
7889
7890
7891
7892
7895
7900
7901
7904
7909
7910
7912
7915
7916
7917
7922
7924
7928
7930
7934
7940
7942
7948
7949
7951
7951
7951
7951
7952
7961
7963
7972
7981
7981
7986
7992
7993
7995
7997
7998
7999
7999
8000
8000
8001
8002
8002
8005
8006
8007
8007
8007
8008
8016
8018
8018
8020
8030
8031
8033
8041
8047
8047
8060
8069
8072
8072
8076
8077
8078
8078
8079
8082
8084
8092
8098
8102
8110
8111
8111
8114
8114
8117
8120
8121
8122
8124
8124
8126
8130
8135
8138
8139
8140
8142
8143
8143
8147
8147
8147
8149
8151
8153
8157
8162
8163
8166
8170
8175
8176
8176
8177
8188
8193
8193
8193
8194
8198
8202
8204
8206
8210
8210
8211
8211
8214
8228
8229
8229
8229
8233
8236
8236
8236
8237
8238
8241
8243
8247
8248
8251
8251
8253
8258
8260
8265
8266
8268
8271
8272
8273
8282
8287
8288
8289
8303
8307
8307
8307
8309
8312
8312
8318
8319
8320
8327
8329
8334
8335
8338
8345
8352
8354
8354
8355
8357
8359
8361
8364
8365
8377
8378
8380
8382
8382
8384
8389
8392
8395
8399
8407
8414
8416
8419
8425
8429
8429
8432
8434
8434
8443
8445
8447
8450
8450
8453
8455
8457
8460
8461
8463
8464
8466
8468
8472
8477
8481
8483
8484
8485
8485
8487
8492
8498
8502
8505
8508
8512
8513
8515
8515
8522
8525
8528
8533
8534
8539
8541
8541
8542
8546
8550
8551
8552
8553
8555
8555
8557
8561
8561
8562
8565
8566
8567
8572
8578
8579
8580
8580
8581
8583
8583
8583
8585
8590
8591
8594
8595
8596
8601
8606
8606
8609
8613
8615
8621
8622
8628
8632
8633
8636
8637
8637
8638
8645
8648
8650
8651
8651
8654
8658
8659
8662
8662
8680
8681
8681
8682
8682
8682
8683
8688
8696
8697
8699
8703
8704
8706
8706
8707
8708
8713
8719
8721
8724
8725
8725
8726
8730
8733
8734
8735
8736
8739
8741
8743
8749
8752
8753
8757
8758
8761
8765
8770
8774
8775
8777
8777
8781
8782
8783
8785
8788
8789
8789
8792
8792
8793
8796
8797
8800
8803
8808
8808
8809
8809
8813
8814
8818
8819
8820
8827
8833
8833
8835
8836
8836
8836
8839
8843
8844
8845
8848
8849
8849
8856
8860
8860
8862
8865
8865
8868
8871
8873
8874
8878
8880
8883
8884
8886
8886
8892
8893
8895
8900
8900
8901
8902
8903
8903
8906
8910
8911
8912
8921
8921
8925
8926
8933
8937
8940
8941
8941
8943
8943
8943
8947
8949
8952
8952
8954
8961
8966
8968
8974
8975
8975
8977
8979
8979
8981
8981
8984
8985
8985
8986
8987
8991
8993
8998
8998
8999
9000
9004
9005
9008
9008
9010
9010
9011
9013
9014
9016
9022
9025
9028
9034
9038
9043
9045
9049
9052
9052
9053
9062
9069
9072
9076
9082
9085
9086
9087
9088
9093
9096
9098
9098
9101
9105
9109
9114
9118
9119
9120
9120
9122
9123
9126
9130
9130
9132
9133
9134
9135
9136
9137
9139
9140
9140
9142
9148
9148
9156
9156
9158
9159
9162
9162
9164
9165
9172
9176
9180
9182
9190
9190
9193
9193
9196
9197
9198
9199
9201
9203
9209
9212
9219
9220
9220
9220
9223
9224
9227
9230
9232
9235
9244
9244
9246
9247
9247
9251
9252
9256
9258
9260
9260
9264
9266
9270
9274
9274
9275
9280
9280
9282
9288
9296
9302
9305
9313
9322
9326
9327
9332
9339
9340
9341
9347
9347
9349
9349
9349
9349
9354
9366
9371
9371
9377
9380
9385
9390
9390
9392
9394
9399
9403
9404
9405
9411
9411
9412
9416
9418
9420
9421
9424
9426
9431
9432
9439
9442
9444
9449
9453
9454
9457
9458
9460
9461
9463
9463
9469
9469
9470
9471
9471
9472
9473
9474
9477
9482
9489
9493
9494
9495
9495
9498
9505
9511
9511
9511
9512
9513
9517
9518
9528
9529
9533
9534
9536
9543
9548
9549
9555
9555
9558
9562
9562
9566
9567
9569
9574
9574
9574
9577
9578
9579
9583
9585
9586
9587
9594
9594
9595
9595
9596
9600
9600
9600
9602
9603
9604
9606
9613
9618
9620
9624
9624
9627
9628
9631
9636
9641
9642
9643
9649
9652
9654
9655
9656
9656
9660
9666
9666
9667
9668
9669
9672
9674
9680
9682
9684
9684
9685
9685
9688
9699
9700
9701
9701
9706
9708
9710
9713
9720
9721
9722
9722
9728
9729
9733
9733
9740
9740
9740
9742
9744
9751
9753
9757
9762
9763
9767
9767
9771
9773
9775
9775
9778
9781
9781
9781
9782
9782
9794
9795
9795
9797
9798
9801
9801
9801
9803
9804
9811
9812
9813
9813
9815
9816
9821
9821
9826
9830
9830
9831
9832
9832
9833
9834
9838
9840
9841
9846
9849
9855
9857
9857
9857
9859
9868
9871
9873
9875
9877
9881
9881
9882
9887
9888
9890
9891
9898
9898
9900
9905
9905
9913
9917
9922
9924
9925
9928
9929
9930
9941
9941
9942
9948
9948
9949
9952
9952
9955
9957
9961
9963
9964
9967
9967
9968
9969
9971
9974
9974
9975
9980
9982
9984
9991
9994
9998
9998
9999
10002
10003
10005
10007
10008
10009
10009
10011
10012
10013
10013
10019
10021
10021
10026
10028
10029
10030
10030
10037
10041
10041
10057
10058
10058
10059
10059
10066
10070
10074
10074
10077
10077
10080
10090
10090
10096
10101
10107
10123
10124
10124
10127
10128
10129
10129
10131
10138
10140
10142
10143
10144
10148
10149
10152
10157
10157
10158
10159
10160
10162
10167
10170
10172
10174
10175
10176
10187
10194
10196
10199
10201
10208
10208
10213
10215
10217
10218
10222
10223
10224
10224
10225
10227
10229
10229
10229
10234
10247
10249
10255
10255
10259
10261
10261
10262
10262
10265
10266
10268
10271
10274
10275
10275
10276
10277
10279
10281
10282
10283
10283
10285
10287
10288
10289
10291
10293
10298
10299
10301
10305
10306
10309
10316
10318
10318
10327
10327
10328
10328
10332
10337
10338
10342
10347
10348
10349
10350
10350
10352
10353
10357
10367
10369
10370
10373
10374
10375
10376
10377
10377
10378
10381
10382
10385
10388
10393
10394
10395
10395
10398
10398
10399
10400
10414
10414
10416
10417
10418
10424
10425
10432
10434
10439
10439
10442
10442
10444
10445
10445
10451
10451
10457
10457
10459
10461
10463
10465
10466
10469
10471
10473
10481
10482
10485
10487
10492
10494
10502
10506
10506
10514
10518
10519
10519
10520
10521
10523
10527
10533
10534
10536
10538
10541
10543
10545
10549
10551
10554
10555
10560
10560
10562
10563
10564
10577
10579
10580
10581
10583
10583
10595
10596
10597
10604
10618
10620
10622
10624
10629
10629
10630
10631
10636
10638
10640
10643
10644
10646
10646
10647
10647
10653
10654
10654
10656
10658
10659
10667
10670
10671
10674
10677
10678
10679
10680
10683
10685
10692
10694
10695
10695
10699
10702
10702
10703
10703
10707
10710
10712
10713
10714
10714
10715
10716
10719
10719
10724
10729
10731
10735
10736
10736
10739
10744
10749
10751
10751
10753
10756
10760
10761
10762
10765
10765
10768
10770
10771
10771
10772
10776
10777
10780
10781
10781
10781
10783
10784
10789
10789
10789
10789
10789
10791
10796
10797
10802
10810
10811
10811
10812
10813
10814
10817
10821
10823
10823
10825
10826
10832
10834
10840
10849
10851
10853
10855
10859
10863
10864
10865
10873
10876
10880
10882
10883
10884
10888
10894
10896
10897
10898
10905
10906
10908
10908
10913
10913
10916
10919
10921
10922
10944
10944
10945
10946
10946
10948
10950
10952
10954
10955
10956
10958
10962
10965
10965
10967
10967
10969
10971
10972
10973
10976
10977
10978
10982
10991
10992
10998
10999
10999
11001
11004
11009
11010
11011
11013
11015
11016
11016
11023
11027
11030
11034
11035
11038
11040
11041
11043
11043
11049
11050
11050
11056
11060
11062
11062
11063
11065
11067
11069
11071
11075
11075
11080
11081
11083
11088
11091
11100
11110
11116
11121
11121
11123
11126
11131
11133
11135
11137
11137
11145
11148
11152
11155
11157
11159
11162
11163
11165
11167
11168
11170
11172
11174
11175
11175
11176
11177
11180
11181
11181
11183
11184
11194
11196
11198
11205
11206
11212
11222
11224
11225
11226
11227
11227
11229
11235
11239
11248
11251
11251
11254
11257
11257
11259
11263
11264
11269
11271
11271
11275
11277
11279
11280
11282
11284
11287
11291
11302
11307
11313
11316
11319
11320
11321
11322
11323
11328
11331
11334
11341
11342
11343
11345
11347
11348
11352
11353
11355
11359
11362
11365
11365
11369
11373
11374
11376
11381
11382
11384
11387
11396
11396
11397
11398
11403
11404
11407
11408
11410
11413
11414
11416
11421
11424
11427
11429
11429
11429
11429
11430
11430
11431
11435
11437
11438
11438
11439
11447
11453
11457
11457
11458
11462
11463
11468
11468
11470
11480
11481
11483
11483
11484
11490
11499
11499
11503
11504
11514
11518
11521
11526
11528
11530
11532
11534
11536
11539
11543
11551
11553
11554
11560
11565
11565
11566
11570
11576
11577
11578
11585
11588
11595
11596
11597
11598
11600
11600
11601
11601
11602
11603
11606
11607
11611
11612
11615
11617
11619
11620
11623
11635
11637
11638
11639
11640
11642
11643
11648
11656
11657
11659
11661
11663
11666
11668
11669
11671
11673
11673
11673
11673
11678
11679
11683
11686
11688
11691
11697
11701
11702
11703
11704
11706
11710
11716
11723
11725
11729
11729
11730
11731
11731
11735
11740
11749
11749
11751
11754
11757
11759
11763
11766
11771
11778
11779
11781
11785
11786
11787
11791
11793
11794
11795
11795
11796
11797
11802
11805
11805
11806
11806
11807
11816
11826
11830
11831
11834
11836
11840
11846
11848
11851
11852
11854
11856
11858
11861
11868
11868
11869
11870
11872
11879
11882
11882
11884
11885
11885
11887
11890
11891
11891
11891
11896
11901
11902
11903
11906
11908
11909
11912
11915
11916
11920
11922
11923
11930
11931
11934
11939
11940
11940
11943
11948
11949
11950
11957
11960
11964
11968
11969
11970
11971
11971
11973
11973
11980
11984
11988
11997
11998
12005
12008
12009
12009
12012
12012
12018
12018
12019
12020
12021
12023
12034
12034
12036
12046
12046
12047
12049
12050
12050
12053
12057
12057
12068
12070
12071
12072
12072
12073
12075
12084
12084
12084
12085
12090
12091
12094
12099
12102
12104
12105
12109
12109
12112
12114
12115
12117
12120
12121
12128
12132
12132
12135
12146
12151
12152
12152
12158
12159
12163
12164
12166
12168
12169
12171
12173
12174
12174
12183
12184
12185
12186
12189
12189
12190
12192
12195
12196
12196
12202
12206
12210
12211
12214
12220
12222
12225
12235
12239
12239
12239
12246
12248
12248
12248
12253
12255
12260
12261
12261
12263
12268
12268
12272
12276
12277
12282
12286
12293
12293
12294
12294
12295
12300
12300
12304
12312
12314
12316
12318
12319
12322
12323
12324
12330
12334
12339
12341
12341
12342
12345
12345
12345
12347
12358
12358
12362
12367
12370
12379
12380
12381
12382
12384
12387
12389
12395
12396
12396
12398
12398
12399
12406
12408
12410
12410
12411
12411
12413
12414
12414
12415
12417
12417
12418
12419
12425
12427
12430
12431
12432
12432
12436
12436
12441
12445
12447
12448
12448
12452
12455
12456
12460
12461
12462
12463
12469
12471
12471
12473
12478
12482
12487
12489
12491
12491
12495
12500
12501
12503
12510
12512
12513
12514
12516
12519
12519
12519
12521
12523
12524
12526
12526
12527
12538
12540
12544
12545
12545
12550
12551
12551
12551
12552
12553
12554
12565
12569
12569
12573
12578
12578
12579
12579
12579
12580
12584
12585
12585
12590
12590
12590
12591
12594
12603
12606
12609
12610
12612
12617
12625
12626
12627
12627
12631
12633
12634
12638
12642
12645
12645
12650
12652
12653
12654
12654
12657
12658
12661
12662
12668
12669
12669
12671
12675
12676
12682
12684
12686
12688
12694
12697
12699
12700
12700
12702
12703
12705
12708
12714
12714
12719
12721
12723
12724
12726
12728
12729
12730
12733
12741
12741
12741
12754
12758
12758
12761
12762
12763
12766
12767
12768
12770
12778
12780
12784
12785
12786
12787
12789
12790
12790
12791
12793
12793
12795
12796
12796
12797
12797
12801
12804
12805
12813
12815
12817
12818
12818
12820
12821
12823
12823
12826
12832
12834
12834
12838
12847
12850
12856
12862
12863
12865
12866
12868
12870
12880
12885
12891
12893
12893
12894
12894
12895
12896
12896
12896
12902
12909
12910
12910
12911
12912
12913
12915
12917
12919
12920
12922
12926
12926
12927
12929
12931
12932
12939
12940
12944
12948
12948
12949
12951
12957
12959
12960
12964
12964
12966
12977
12977
12980
12981
12982
12983
12984
12987
12989
12991
12996
12999
13002
13002
13019
13021
13022
13023
13031
13033
13033
13034
13035
13048
13052
13057
13059
13062
13064
13064
13071
13071
13072
13079
13079
13080
13092
13095
13096
13096
13097
13107
13108
13108
13109
13113
13116
13118
13120
13120
13120
13121
13121
13122
13122
13122
13131
13136
13142
13142
13143
13144
13148
13150
13152
13156
13162
13163
13165
13169
13171
13173
13174
13176
13178
13179
13183
13191
13192
13213
13216
13217
13219
13222
13226
13228
13228
13231
13233
13233
13241
13243
13243
13245
13249
13256
13256
13260
13262
13265
13266
13269
13271
13278
13279
13280
13282
13293
13294
13295
13295
13297
13297
13300
13302
13304
13307
13309
13315
13315
13317
13318
13318
13320
13323
13323
13331
13332
13334
13343
13347
13351
13353
13356
13361
13368
13371
13372
13374
13376
13377
13381
13382
13382
13382
13397
13399
13402
13411
13412
13413
13416
13418
13418
13420
13422
13424
13430
13430
13430
13433
13433
13433
13435
13435
13437
13443
13443
13447
13450
13450
13451
13453
13458
13459
13463
13465
13467
13467
13471
13473
13480
13481
13485
13488
13493
13497
13498
13499
13500
13501
13503
13506
13512
13514
13516
13517
13518
13521
13523
13525
13525
13526
13529
13533
13535
13541
13542
13545
13546
13547
13547
13549
13554
13561
13565
13575
13577
13577
13578
13583
13584
13592
13593
13595
13597
13608
13611
13611
13616
13621
13622
13623
13625
13627
13628
13637
13638
13644
13645
13654
13654
13655
13658
13661
13666
13669
13671
13672
13673
13673
13675
13676
13676
13680
13681
13681
13684
13684
13685
13689
13689
13690
13690
13691
13692
13693
13693
13693
13694
13695
13696
13697
13702
13703
13716
13720
13722
13724
13734
13748
13750
13750
13751
13763
13764
13774
13782
13786
13786
13791
13791
13795
13799
13799
13800
13800
13809
13809
13810
13810
13815
13823
13827
13832
13835
13844
13847
13847
13853
13858
13865
13867
13872
13873
13875
13875
13876
13876
13877
13882
13883
13883
13884
13890
13893
13897
13899
13900
13900
13903
13909
13915
13917
13919
13920
13922
13929
13934
13938
13939
13939
13941
13941
13948
13950
13952
13952
13955
13960
13960
13962
13965
13971
13981
13981
13982
13986
13991
13992
13994
13999
13999
13999
14001
14002
14010
14010
14017
14017
14017
14022
14022
14029
14032
14034
14036
14040
14042
14050
14054
14056
14058
14064
14064
14069
14069
14069
14074
14078
14079
14079
14089
14092
14094
14098
14107
14107
14109
14114
14116
14118
14118
14118
14120
14121
14122
14124
14128
14130
14131
14132
14138
14138
14140
14141
14142
14145
14145
14146
14149
14155
14157
14158
14160
14160
14163
14165
14166
14171
14171
14172
14175
14175
14178
14180
14182
14182
14187
14187
14190
14191
14193
14194
14197
14199
14200
14206
14215
14220
14220
14222
14223
14223
14224
14227
14230
14231
14234
14236
14238
14242
14242
14247
14248
14250
14256
14256
14259
14261
14264
14265
14267
14268
14270
14271
14272
14277
14277
14283
14284
14284
14284
14285
14285
14286
14287
14292
14298
14299
14299
14299
14300
14301
14301
14303
14303
14304
14305
14306
14307
14307
14307
14311
14319
14320
14321
14322
14326
14327
14335
14337
14344
14345
14348
14349
14351
14358
14361
14362
14364
14368
14369
14369
14371
14372
14372
14373
14373
14379
14379
14383
14384
14392
14395
14397
14402
14402
14404
14405
14405
14411
14413
14413
14421
14421
14421
14422
14424
14426
14426
14431
14434
14434
14444
14445
14446
14453
14457
14460
14461
14462
14464
14467
14468
14478
14479
14480
14483
14483
14484
14488
14490
14494
14497
14499
14502
14503
14503
14512
14513
14515
14518
14518
14519
14521
14524
14526
14535
14535
14537
14537
14542
14546
14548
14553
14555
14558
14563
14563
14565
14569
14573
14574
14580
14582
14583
14583
14584
14594
14597
14599
14600
14602
14602
14612
14612
14625
14628
14633
14638
14640
14640
14642
14643
14644
14646
14647
14650
14651
14652
14652
14653
14654
14657
14657
14662
14663
14665
14668
14668
14669
14670
14675
14678
14679
14681
14682
14683
14687
14693
14693
14696
14701
14712
14714
14720
14720
14725
14726
14728
14730
14737
14738
14738
14743
14749
14750
14750
14751
14752
14753
14754
14754
14754
14756
14759
14761
14768
14771
14773
14777
14778
14782
14782
14783
14783
14788
14790
14794
14794
14795
14796
14800
14802
14802
14806
14811
14817
14820
14820
14821
14823
14829
14830
14834
14835
14835
14841
14842
14843
14843
14846
14847
14847
14849
14853
14855
14855
14856
14856
14857
14859
14862
14862
14865
14869
14869
14871
14873
14875
14875
14877
14886
14887
14887
14893
14893
14900
14906
14912
14913
14914
14915
14918
14918
14924
14929
14933
14934
14938
14941
14945
14945
14949
14949
14950
14955
14963
14964
14965
14966
14968
14968
14969
14970
14973
14976
14977
14982
14983
14983
14986
14987
14987
14989
14991
14991
14993
14997
15002
15006
15007
15008
15015
15023
15025
15032
15034
15036
15041
15043
15044
15050
15050
15051
15055
15058
15059
15063
15067
15072
15075
15076
15080
15081
15082
15088
15088
15089
15092
15094
15095
15097
15098
15098
15099
15099
15100
15100
15101
15103
15109
15109
15110
15111
15113
15115
15117
15118
15119
15124
15128
15130
15130
15133
15134
15136
15139
15139
15140
15141
15142
15142
15148
15151
15165
15165
15166
15167
15170
15173
15173
15177
15178
15178
15178
15182
15189
15191
15195
15200
15200
15205
15206
15206
15207
15210
15211
15211
15211
15215
15217
15222
15225
15229
15244
15246
15246
15251
15252
15253
15257
15262
15262
15263
15264
15266
15269
15272
15276
15277
15279
15281
15283
15284
15286
15291
15291
15294
15297
15300
15301
15310
15310
15313
15313
15314
15315
15315
15317
15318
15321
15322
15323
15325
15327
15328
15329
15329
15330
15331
15331
15336
15336
15340
15342
15344
15346
15346
15352
15358
15359
15359
15360
15360
15362
15367
15370
15371
15371
15372
15372
15372
15373
15373
15374
15375
15376
15379
15380
15385
15385
15385
15386
15388
15390
15394
15398
15402
15404
15405
15408
15409
15412
15412
15415
15420
15422
15424
15425
15427
15435
15440
15443
15446
15448
15450
15451
15452
15452
15457
15466
15468
15469
15469
15470
15472
15475
15477
15483
15486
15489
15490
15490
15490
15491
15494
15496
15497
15498
15508
15510
15515
15517
15517
15519
15521
15522
15523
15529
15529
15532
15533
15547
15547
15554
15556
15558
15564
15567
15568
15569
15570
15573
15573
15577
15579
15579
15586
15587
15587
15587
15588
15589
15590
15595
15596
15598
15600
15601
15601
15603
15603
15604
15607
15610
15611
15612
15615
15615
15616
15616
15619
15619
15622
15623
15624
15626
15629
15636
15638
15638
15638
15641
15641
15645
15646
15647
15647
15652
15654
15658
15660
15665
15667
15674
15678
15679
15680
15680
15681
15684
15686
15688
15692
15696
15696
15697
15698
15698
15700
15700
15701
15701
15703
15705
15709
15710
15711
15711
15718
15718
15722
15724
15724
15725
15725
15725
15726
15726
15729
15730
15730
15732
15733
15736
15741
15743
15749
15752
15754
15755
15756
15758
15764
15767
15773
15779
15779
15782
15784
15786
15787
15788
15788
15789
15791
15792
15796
15797
15798
15802
15803
15810
15813
15814
15818
15820
15823
15825
15831
15832
15838
15844
15845
15848
15849
15854
15857
15858
15861
15862
15864
15864
15865
15869
15870
15871
15873
15874
15879
15884
15884
15886
15887
15889
15894
15896
15900
15904
15914
15915
15916
15916
15917
15918
15922
15923
15926
15927
15929
15930
15930
15930
15935
15937
15938
15939
15939
15941
15951
15952
15952
15955
15955
15956
15959
15959
15960
15961
15961
15964
15964
15973
15973
15975
15975
15981
15981
15984
15985
15985
15988
15994
15999
16007
16009
16011
16014
16018
16024
16026
16029
16035
16045
16046
16047
16050
16050
16050
16052
16052
16053
16053
16055
16057
16061
16063
16066
16066
16072
16086
16087
16093
16095
16095
16100
16100
16101
16103
16104
16105
16109
16111
16111
16111
16120
16120
16124
16125
16127
16128
16129
16131
16132
16135
16136
16140
16141
16143
16144
16148
16156
16161
16161
16163
16166
16166
16168
16172
16173
16173
16173
16174
16175
16177
16188
16191
16192
16193
16193
16195
16200
16200
16207
16208
16208
16209
16211
16214
16216
16216
16217
16218
16218
16219
16221
16222
16223
16223
16224
16225
16225
16230
16235
16236
16241
16241
16243
16249
16251
16252
16253
16253
16253
16253
16256
16256
16260
16261
16262
16262
16263
16264
16265
16273
16284
16285
16286
16287
16289
16297
16298
16300
16303
16305
16312
16316
16317
16321
16321
16323
16334
16335
16335
16340
16350
16354
16358
16359
16361
16367
16367
16371
16371
16372
16372
16375
16377
16377
16380
16381
16384
16389
16392
16394
16395
16397
16397
16398
16401
16402
16402
16405
16406
16407
16412
16413
16420
16426
16426
16433
16436
16439
16442
16443
16444
16446
16451
16456
16456
16460
16460
16461
16464
16465
16467
16472
16472
16473
16479
16479
16480
16482
16483
16488
16488
16490
16494
16500
16501
16502
16506
16508
16509
16509
16514
16514
16516
16525
16526
16527
16528
16529
16530
16531
16531
16532
16534
16536
16542
16542
16543
16544
16545
16546
16548
16549
16552
16554
16554
16556
16558
16561
16569
16575
16576
16578
16578
16584
16587
16588
16589
16594
16594
16594
16595
16596
16597
16598
16599
16601
16602
16603
16605
16613
16614
16614
16615
16618
16618
16618
16618
16624
16624
16625
16626
16627
16627
16628
16629
16630
16631
16632
16635
16639
16641
16644
16645
16650
16652
16653
16655
16655
16658
16660
16661
16663
16665
16668
16676
16678
16681
16686
16688
16692
16693
16698
16702
16709
16709
16710
16710
16711
16712
16713
16719
16721
16721
16722
16732
16735
16736
16738
16741
16741
16742
16743
16746
16747
16747
16751
16754
16754
16758
16760
16760
16761
16762
16762
16769
16770
16772
16778
16780
16781
16781
16785
16786
16786
16787
16790
16794
16795
16798
16798
16798
16802
16802
16806
16814
16814
16816
16817
16819
16821
16823
16823
16823
16824
16835
16837
16838
16840
16843
16848
16850
16852
16852
16854
16854
16854
16858
16864
16865
16866
16868
16871
16877
16878
16879
16880
16882
16885
16889
16892
16899
16899
16902
16907
16907
16909
16912
16919
16922
16924
16927
16927
16928
16929
16930
16932
16937
16937
16942
16944
16944
16945
16945
16951
16952
16957
16960
16963
16964
16971
16977
16989
16989
17003
17005
17013
17017
17024
17027
17029
17031
17034
17041
17042
17043
17045
17053
17055
17060
17064
17066
17068
17068
17069
17072
17074
17081
17082
17087
17092
17094
17101
17102
17105
17107
17116
17118
17122
17123
17126
17127
17132
17137
17140
17142
17142
17144
17145
17145
17152
17153
17155
17155
17157
17163
17166
17167
17167
17169
17170
17172
17180
17186
17196
17197
17199
17203
17204
17205
17207
17209
17214
17215
17215
17218
17219
17223
17226
17229
17230
17233
17234
17238
17241
17242
17243
17250
17251
17253
17255
17255
17256
17257
17260
17260
17264
17267
17268
17270
17270
17272
17272
17275
17287
17289
17291
17296
17296
17299
17300
17302
17303
17307
17313
17322
17323
17324
17328
17329
17330
17330
17332
17332
17332
17332
17334
17335
17335
17340
17340
17350
17358
17360
17362
17365
17368
17368
17374
17376
17381
17383
17385
17386
17387
17391
17393
17395
17398
17399
17401
17403
17404
17413
17419
17419
17419
17422
17424
17427
17432
17432
17433
17438
17444
17447
17450
17450
17451
17453
17454
17455
17457
17460
17460
17462
17469
17469
17470
17471
17473
17473
17475
17481
17481
17481
17483
17483
17487
17487
17492
17496
17498
17499
17500
17502
17503
17509
17511
17513
17514
17515
17516
17520
17525
17525
17527
17527
17529
17529
17529
17530
17533
17534
17535
17535
17536
17536
17542
17543
17543
17549
17550
17550
17554
17554
17555
17556
17559
17560
17564
17565
17568
17570
17572
17573
17574
17581
17583
17584
17586
17586
17594
17595
17596
17596
17599
17600
17609
17610
17611
17612
17614
17617
17617
17617
17618
17619
17622
17628
17633
17635
17643
17644
17646
17652
17657
17660
17668
17669
17669
17678
17679
17680
17682
17689
17690
17694
17694
17696
17697
17698
17699
17703
17705
17709
17711
17715
17716
17725
17733
17737
17737
17742
17743
17744
17744
17752
17753
17759
17761
17761
17765
17767
17770
17774
17774
17777
17780
17781
17789
17800
17801
17801
17801
17804
17805
17807
17808
17808
17808
17808
17813
17813
17816
17816
17822
17825
17825
17827
17827
17827
17833
17834
17834
17836
17839
17840
17840
17841
17842
17844
17846
17847
17847
17850
17851
17851
17852
17853
17853
17856
17857
17859
17863
17867
17874
17874
17876
17876
17876
17877
17879
17881
17886
17890
17891
17892
17894
17899
17901
17903
17905
17908
17910
17911
17912
17913
17913
17914
17918
17921
17922
17926
17926
17926
17930
17931
17935
17940
17949
17952
17953
17954
17959
17960
17961
17974
17974
17977
17978
17982
17983
17983
17991
17992
17994
17995
18001
18002
18003
18004
18005
18010
18013
18013
18013
18019
18021
18022
18024
18025
18025
18026
18029
18030
18030
18031
18032
18033
18033
18033
18034
18035
18036
18037
18039
18044
18044
18045
18051
18052
18052
18053
18056
18057
18061
18067
18072
18073
18075
18081
18086
18094
18095
18098
18098
18099
18099
18108
18108
18112
18121
18122
18122
18122
18123
18124
18125
18127
18128
18129
18130
18133
18134
18136
18137
18139
18141
18141
18141
18142
18147
18149
18152
18152
18154
18156
18156
18157
18161
18163
18164
18166
18166
18168
18169
18169
18171
18174
18174
18175
18183
18184
18187
18187
18190
18193
18194
18195
18195
18196
18197
18197
18200
18212
18212
18218
18220
18220
18223
18224
18225
18226
18227
18232
18235
18239
18247
18249
18250
18253
18254
18257
18260
18261
18262
18262
18264
18264
18265
18266
18267
18275
18277
18281
18282
18290
18291
18296
18297
18297
18297
18301
18301
18301
18303
18304
18305
18306
18308
18308
18310
18310
18310
18312
18312
18315
18317
18320
18324
18325
18331
18333
18333
18337
18342
18349
18352
18354
18357
18357
18359
18359
18359
18363
18365
18365
18366
18369
18370
18372
18373
18378
18379
18380
18381
18382
18383
18383
18384
18384
18385
18385
18386
18387
18389
18390
18392
18396
18396
18406
18406
18410
18410
18411
18412
18417
18423
18434
18435
18439
18442
18443
18445
18449
18450
18458
18461
18463
18465
18469
18469
18472
18473
18476
18477
18477
18478
18482
18485
18485
18492
18496
18500
18500
18501
18505
18506
18509
18513
18514
18518
18519
18523
18524
18526
18530
18533
18538
18543
18547
18550
18553
18556
18556
18558
18558
18558
18559
18560
18562
18566
18569
18572
18573
18574
18575
18577
18580
18581
18583
18585
18586
18586
18587
18590
18590
18591
18592
18596
18597
18597
18600
18607
18612
18614
18616
18619
18621
18624
18629
18631
18636
18648
18650
18653
18655
18671
18672
18678
18679
18679
18682
18690
18690
18693
18694
18698
18698
18705
18706
18708
18710
18710
18710
18713
18723
18724
18728
18729
18734
18739
18740
18743
18743
18743
18745
18745
18745
18747
18749
18752
18753
18756
18760
18760
18762
18763
18764
18764
18767
18769
18773
18779
18780
18781
18781
18783
18787
18795
18801
18805
18806
18809
18810
18815
18819
18821
18822
18823
18823
18824
18829
18831
18832
18833
18834
18841
18844
18845
18845
18847
18851
18854
18855
18860
18860
18861
18863
18864
18866
18866
18867
18869
18871
18873
18876
18880
18884
18890
18890
18891
18892
18895
18895
18900
18904
18916
18918
18919
18920
18921
18922
18923
18928
18930
18932
18940
18942
18942
18943
18943
18946
18955
18956
18958
18958
18960
18964
18969
18970
18973
18973
18976
18980
18981
18982
18984
18987
18987
18988
18991
18994
18996
18999
19002
19002
19006
19008
19008
19009
19011
19012
19012
19013
19014
19020
19026
19028
19028
19030
19030
19037
19038
19040
19044
19045
19046
19050
19051
19054
19058
19059
19062
19068
19070
19074
19074
19075
19076
19077
19077
19082
19082
19090
19091
19098
19099
19101
19104
19106
19107
19107
19116
19121
19121
19124
19126
19131
19131
19135
19137
19146
19147
19148
19156
19159
19159
19160
19162
19162
19166
19169
19182
19190
19198
19198
19201
19202
19206
19208
19211
19215
19216
19222
19223
19241
19241
19241
19245
19247
19248
19248
19249
19251
19255
19258
19258
19263
19264
19269
19269
19273
19276
19279
19282
19284
19285
19287
19289
19297
19298
19299
19299
19301
19303
19304
19311
19312
19313
19317
19318
19318
19318
19320
19323
19325
19328
19328
19332
19333
19334
19334
19334
19336
19338
19342
19342
19344
19347
19347
19355
19365
19367
19373
19375
19375
19380
19382
19386
19387
19387
19390
19391
19392
19397
19397
19397
19398
19402
19413
19414
19418
19418
19419
19421
19423
19425
19425
19425
19425
19427
19428
19428
19428
19429
19431
19432
19444
19448
19451
19463
19468
19474
19475
19476
19477
19479
19482
19485
19485
19486
19490
19493
19495
19497
19499
19502
19505
19506
19507
19510
19512
19513
19516
19523
19530
19530
19530
19531
19535
19548
19550
19551
19551
19553
19555
19557
19558
19559
19560
19562
19562
19564
19565
19566
19567
19568
19569
19569
19577
19579
19583
19585
19589
19589
19589
19591
19592
19592
19593
19594
19598
19610
19614
19615
19620
19623
19623
19623
19624
19629
19631
19633
19633
19636
19637
19642
19643
19647
19650
19651
19656
19657
19659
19664
19670
19672
19672
19677
19679
19680
19684
19686
19693
19694
19696
19697
19700
19700
19701
19701
19703
19705
19706
19706
19706
19710
19718
19720
19721
19721
19722
19728
19728
19729
19734
19736
19742
19743
19745
19745
19745
19746
19748
19748
19748
19749
19749
19752
19753
19753
19756
19757
19763
19763
19768
19770
19773
19775
19779
19779
19779
19779
19780
19784
19789
19790
19791
19793
19796
19799
19800
19803
19808
19813
19814
19815
19820
19821
19827
19828
19831
19833
19834
19834
19838
19839
19839
19840
19846
19847
19854
19855
19856
19856
19862
19864
19865
19865
19869
19869
19870
19873
19874
19874
19875
19880
19880
19882
19883
19884
19885
19888
19891
19894
19898
19902
19903
19905
19909
19913
19913
19915
19915
19918
19919
19921
19921
19921
19928
19933
19938
19940
19941
19944
19953
19954
19955
19956
19957
19957
19964
19964
19966
19973
19974
19975
19976
19979
19980
19980
19985
19986
19987
19991
19992
19998
19999
20001
20001
20006
20010
20013
20020
20021
20022
20024
20025
20026
20028
20031
20034
20038
20041
20041
20042
20043
20045
20046
20048
20049
20051
20052
20053
20054
20058
20059
20063
20064
20064
20065
20066
20070
20075
20076
20080
20081
20083
20091
20092
20094
20096
20097
20100
20102
20103
20107
20109
20118
20121
20123
20124
20124
20125
20126
20129
20135
20140
20144
20146
20146
20147
20147
20149
20150
20151
20152
20153
20157
20159
20161
20162
20163
20165
20172
20176
20184
20186
20197
20199
20201
20203
20205
20206
20207
20207
20211
20215
20216
20220
20223
20226
20226
20242
20242
20243
20249
20252
20254
20254
20255
20256
20258
20260
20262
20263
20264
20266
20270
20276
20277
20278
20279
20283
20286
20288
20291
20292
20293
20294
20300
20302
20304
20305
20307
20309
20310
20311
20317
20318
20319
20319
20323
20325
20328
20332
20336
20337
20337
20343
20345
20349
20354
20354
20367
20368
20371
20376
20380
20381
20382
20384
20385
20386
20390
20395
20396
20397
20400
20404
20406
20407
20410
20410
20417
20420
20421
20427
20436
20439
20439
20440
20442
20444
20444
20447
20454
20454
20458
20460
20462
20466
20473
20475
20476
20481
20483
20492
20507
20507
20508
20508
20509
20514
20517
20523
20524
20525
20529
20532
20534
20534
20537
20540
20542
20545
20551
20551
20555
20561
20564
20564
20568
20568
20568
20571
20573
20578
20579
20582
20583
20585
20589
20594
20600
20602
20605
20610
20612
20613
20616
20618
20618
20620
20622
20622
20624
20625
20627
20629
20635
20636
20638
20641
20642
20645
20648
20651
20651
20652
20653
20653
20657
20657
20658
20660
20667
20668
20671
20676
20677
20683
20683
20685
20686
20688
20689
20693
20693
20695
20697
20698
20700
20701
20707
20707
20708
20712
20713
20716
20727
20729
20729
20736
20736
20737
20737
20737
20737
20743
20743
20744
20750
20751
20752
20755
20756
20760
20761
20764
20767
20769
20772
20778
20779
20780
20784
20794
20797
20805
20807
20810
20811
20812
20815
20817
20817
20818
20819
20819
20819
20823
20825
20825
20832
20832
20835
20836
20843
20843
20845
20848
20848
20850
20850
20850
20852
20868
20869
20881
20882
20889
20890
20891
20892
20892
20894
20897
20915
20916
20917
20919
20920
20921
20922
20923
20923
20924
20926
20927
20928
20930
20931
20934
20939
20939
20940
20946
20951
20953
20954
20957
20958
20962
20974
20975
20978
20981
20982
20983
20983
20984
20988
20989
20990
20990
20992
20995
21000
21005
21008
21009
21011
21015
21016
21018
21020
21020
21022
21025
21026
21026
21028
21028
21030
21035
21035
21035
21036
21042
21043
21045
21046
21046
21050
21051
21053
21055
21061
21063
21064
21069
21070
21072
21075
21076
21076
21077
21078
21092
21094
21100
21100
21103
21111
21116
21116
21122
21123
21123
21126
21129
21130
21130
21138
21140
21145
21147
21147
21149
21151
21152
21156
21160
21160
21161
21161
21161
21162
21169
21170
21171
21178
21183
21187
21190
21194
21197
21198
21199
21201
21202
21208
21210
21211
21212
21215
21216
21218
21219
21221
21230
21235
21239
21241
21252
21261
21263
21263
21267
21274
21276
21277
21280
21280
21281
21287
21287
21289
21292
21293
21295
21297
21308
21309
21316
21317
21318
21319
21323
21325
21327
21327
21339
21342
21345
21346
21346
21349
21349
21351
21353
21354
21355
21362
21363
21366
21367
21369
21377
21384
21385
21387
21394
21397
21399
21399
21400
21401
21402
21407
21408
21412
21412
21414
21415
21417
21420
21422
21422
21423
21425
21434
21436
21438
21439
21441
21447
21448
21448
21450
21452
21453
21460
21461
21462
21463
21465
21466
21468
21475
21475
21476
21476
21478
21479
21480
21486
21488
21495
21497
21500
21501
21502
21506
21512
21513
21517
21521
21522
21527
21531
21533
21537
21539
21540
21540
21542
21543
21547
21556
21558
21563
21565
21566
21566
21568
21572
21574
21576
21576
21578
21580
21581
21581
21581
21582
21582
21582
21584
21584
21585
21587
21587
21588
21588
21591
21594
21597
21599
21604
21607
21609
21612
21613
21616
21616
21616
21617
21621
21621
21622
21622
21624
21629
21630
21630
21631
21632
21633
21633
21633
21634
21634
21641
21642
21648
21649
21653
21654
21657
21660
21662
21664
21665
21667
21669
21670
21671
21679
21680
21683
21684
21687
21689
21689
21689
21689
21690
21690
21692
21694
21697
21697
21699
21701
21701
21703
21712
21713
21714
21715
21719
21719
21721
21728
21729
21734
21736
21742
21744
21746
21751
21755
21757
21758
21761
21765
21772
21780
21784
21786
21787
21789
21798
21799
21801
21803
21810
21814
21817
21817
21818
21818
21821
21822
21822
21826
21827
21831
21838
21840
21841
21844
21849
21855
21855
21856
21858
21865
21865
21871
21872
21876
21876
21881
21881
21881
21882
21888
21895
21901
21903
21905
21909
21909
21910
21910
21914
21915
21915
21919
21921
21922
21922
21923
21923
21925
21932
21933
21937
21937
21939
21939
21939
21942
21946
21946
21947
21948
21948
21948
21948
21951
21953
21955
21958
21960
21960
21960
21961
21962
21964
21964
21968
21972
21973
21977
21985
21988
21989
21992
21997
22002
22003
22005
22006
22008
22012
22019
22019
22020
22022
22022
22023
22025
22027
22030
22030
22030
22032
22033
22033
22033
22035
22039
22039
22040
22044
22045
22047
22048
22052
22055
22055
22056
22059
22061
22061
22066
22069
22077
22078
22079
22079
22081
22081
22082
22083
22084
22085
22089
22093
22097
22101
22105
22106
22107
22109
22111
22114
22115
22117
22117
22119
22122
22123
22124
22126
22127
22127
22133
22134
22135
22145
22147
22152
22157
22159
22160
22161
22162
22166
22166
22169
22169
22170
22172
22177
22178
22181
22182
22187
22187
22190
22193
22198
22199
22200
22204
22204
22206
22210
22210
22211
22216
22217
22221
22236
22237
22242
22245
22245
22247
22250
22254
22262
22267
22269
22270
22272
22274
22278
22286
22287
22288
22292
22293
22295
22295
22301
22303
22303
22305
22308
22311
22316
22316
22318
22320
22322
22323
22327
22332
22334
22335
22339
22339
22341
22341
22347
22348
22351
22352
22352
22354
22356
22357
22359
22366
22368
22369
22369
22373
22374
22378
22389
22389
22390
22393
22394
22396
22397
22397
22397
22398
22402
22404
22404
22406
22411
22411
22412
22414
22417
22424
22439
22439
22441
22446
22447
22447
22450
22451
22457
22460
22461
22462
22463
22464
22467
22470
22470
22473
22475
22476
22482
22483
22483
22484
22487
22487
22494
22495
22497
22497
22497
22506
22508
22509
22511
22513
22513
22521
22522
22524
22529
22530
22531
22535
22536
22538
22545
22547
22548
22554
22555
22562
22563
22566
22568
22572
22573
22573
22576
22578
22580
22584
22585
22588
22588
22590
22592
22592
22593
22596
22596
22597
22604
22606
22610
22611
22613
22617
22623
22625
22626
22632
22633
22634
22635
22641
22643
22644
22644
22649
22653
22654
22656
22659
22662
22664
22672
22673
22673
22674
22679
22681
22684
22685
22686
22688
22690
22692
22697
22700
22700
22703
22707
22708
22712
22713
22716
22721
22728
22730
22733
22738
22739
22740
22743
22746
22750
22750
22757
22759
22762
22767
22769
22769
22771
22771
22772
22774
22774
22785
22786
22791
22794
22803
22803
22803
22807
22807
22812
22812
22816
22821
22822
22827
22831
22831
22831
22831
22835
22836
22839
22841
22846
22847
22852
22857
22860
22862
22869
22876
22879
22880
22880
22880
22884
22885
22886
22891
22891
22892
22894
22895
22900
22901
22902
22907
22909
22913
22914
22917
22917
22918
22920
22921
22923
22925
22925
22926
22929
22930
22931
22931
22934
22940
22953
22954
22956
22957
22958
22959
22964
22965
22965
22966
22968
22969
22970
22974
22975
22978
22979
22981
22991
22992
22994
22994
22995
22997
23000
23000
23001
23001
23007
23012
23016
23017
23019
23022
23023
23025
23036
23038
23043
23043
23046
23048
23051
23052
23053
23056
23062
23063
23063
23064
23064
23066
23075
23077
23078
23078
23079
23082
23082
23082
23088
23089
23090
23091
23096
23100
23102
23102
23104
23106
23106
23106
23107
23107
23110
23110
23111
23114
23115
23117
23119
23126
23127
23129
23130
23131
23132
23132
23133
23133
23136
23137
23139
23140
23142
23144
23145
23149
23159
23170
23171
23171
23172
23174
23180
23182
23182
23183
23186
23194
23199
23200
23203
23209
23210
23214
23222
23225
23228
23230
23233
23238
23242
23243
23245
23245
23249
23251
23252
23252
23253
23257
23262
23263
23265
23267
23267
23268
23268
23272
23272
23273
23273
23274
23274
23276
23276
23276
23278
23280
23281
23285
23287
23288
23289
23292
23292
23293
23300
23305
23313
23313
23314
23314
23320
23323
23323
23327
23328
23329
23331
23335
23339
23342
23342
23342
23343
23346
23347
23349
23353
23353
23355
23358
23361
23365
23367
23369
23374
23383
23387
23392
23399
23406
23408
23410
23412
23413
23414
23418
23419
23419
23423
23424
23424
23432
23432
23436
23437
23438
23442
23442
23448
23452
23460
23462
23465
23467
23467
23468
23469
23470
23473
23473
23476
23477
23482
23483
23488
23489
23490
23492
23494
23496
23501
23502
23503
23504
23506
23509
23509
23512
23512
23517
23523
23525
23529
23531
23538
23543
23544
23547
23548
23549
23551
23551
23551
23554
23557
23559
23569
23573
23580
23587
23587
23588
23590
23594
23594
23595
23595
23598
23599
23599
23601
23601
23602
23604
23605
23609
23609
23610
23611
23613
23616
23617
23618
23620
23622
23628
23629
23629
23630
23630
23631
23631
23634
23635
23638
23640
23642
23650
23651
23653
23661
23661
23667
23669
23670
23672
23673
23674
23679
23680
23680
23683
23683
23694
23697
23699
23703
23706
23707
23710
23712
23716
23721
23726
23728
23728
23732
23733
23738
23741
23741
23742
23743
23743
23745
23748
23749
23750
23750
23754
23757
23758
23759
23768
23771
23772
23772
23776
23777
23778
23780
23784
23784
23788
23788
23789
23794
23802
23804
23805
23806
23807
23809
23811
23815
23816
23819
23820
23821
23822
23826
23828
23839
23842
23845
23849
23850
23851
23851
23852
23862
23862
23864
23867
23870
23870
23875
23877
23878
23879
23880
23882
23883
23883
23891
23892
23893
23896
23903
23903
23904
23906
23909
23914
23917
23917
23920
23922
23933
23937
23943
23946
23948
23950
23951
23953
23954
23955
23956
23959
23960
23963
23971
23972
23973
23973
23976
23978
23979
23980
23981
23982
23982
23986
23990
23991
23995
23999
24002
24007
24011
24011
24014
24020
24026
24027
24031
24032
24035
24041
24044
24047
24049
24052
24056
24060
24061
24062
24065
24065
24067
24070
24075
24077
24079
24080
24086
24092
24100
24100
24100
24102
24102
24104
24107
24124
24125
24125
24126
24136
24136
24137
24141
24141
24142
24142
24142
24145
24148
24149
24161
24164
24166
24172
24174
24177
24177
24181
24183
24184
24185
24187
24188
24190
24191
24192
24192
24200
24201
24203
24208
24209
24214
24214
24215
24219
24220
24221
24222
24223
24230
24231
24231
24231
24232
24234
24234
24235
24238
24241
24246
24247
24249
24256
24258
24261
24262
24265
24267
24267
24269
24273
24273
24273
24273
24277
24280
24280
24281
24292
24294
24296
24305
24308
24316
24316
24317
24318
24321
24321
24329
24330
24344
24348
24349
24349
24349
24351
24351
24354
24355
24355
24361
24366
24375
24378
24380
24390
24399
24401
24403
24403
24403
24404
24405
24411
24411
24414
24416
24419
24422
24423
24427
24428
24430
24442
24447
24447
24456
24461
24463
24466
24474
24476
24477
24477
24485
24487
24490
24492
24493
24502
24505
24507
24508
24512
24512
24517
24517
24521
24522
24524
24532
24534
24537
24540
24540
24541
24544
24548
24549
24550
24551
24555
24557
24558
24559
24560
24561
24562
24562
24563
24563
24564
24567
24571
24578
24578
24579
24582
24582
24587
24589
24589
24592
24594
24595
24600
24601
24609
24610
24611
24612
24614
24617
24618
24618
24618
24619
24620
24624
24624
24626
24630
24632
24638
24643
24648
24648
24653
24654
24655
24655
24657
24659
24659
24666
24670
24674
24675
24676
24677
24684
24685
24685
24686
24689
24690
24694
24694
24695
24695
24696
24698
24701
24704
24704
24705
24709
24712
24714
24717
24717
24717
24718
24719
24722
24726
24727
24735
24735
24740
24742
24743
24748
24748
24749
24750
24752
24756
24758
24762
24763
24767
24767
24769
24772
24776
24779
24784
24787
24796
24804
24805
24808
24814
24816
24830
24832
24833
24833
24837
24843
24844
24845
24845
24847
24848
24851
24852
24856
24859
24859
24863
24865
24872
24872
24873
24874
24875
24876
24885
24886
24887
24888
24892
24894
24899
24904
24907
24909
24910
24912
24921
24922
24928
24928
24929
24930
24930
24934
24936
24936
24938
24941
24942
24943
24943
24944
24946
24947
24948
24948
24949
24950
24951
24956
24957
24958
24959
24963
24964
24965
24977
24978
24979
24985
24988
24989
24991
24992
24993
24993
24996
24999
25008
25008
25012
25016
25019
25021
25026
25026
25039
25041
25041
25042
25048
25055
25055
25059
25062
25064
25064
25065
25066
25071
25071
25071
25075
25076
25076
25076
25080
25081
25082
25083
25087
25087
25088
25093
25094
25099
25099
25107
25109
25113
25119
25120
25122
25123
25125
25127
25127
25128
25131
25136
25140
25145
25148
25156
25157
25157
25159
25161
25163
25163
25166
25167
25169
25171
25172
25173
25179
25183
25188
25190
25190
25193
25194
25194
25197
25198
25199
25205
25206
25208
25208
25217
25217
25218
25218
25222
25226
25228
25228
25229
25230
25232
25233
25237
25238
25242
25242
25244
25244
25247
25250
25255
25264
25265
25267
25274
25280
25285
25287
25287
25291
25293
25294
25295
25297
25299
25300
25303
25306
25307
25311
25311
25313
25315
25316
25318
25319
25319
25319
25320
25325
25334
25339
25341
25348
25349
25349
25352
25355
25356
25358
25361
25363
25364
25367
25372
25372
25372
25372
25373
25379
25385
25387
25394
25398
25398
25401
25403
25403
25403
25404
25410
25415
25416
25421
25422
25424
25425
25432
25432
25432
25433
25433
25435
25439
25440
25445
25445
25449
25450
25451
25452
25453
25453
25456
25456
25458
25461
25463
25464
25471
25473
25473
25475
25480
25483
25496
25501
25502
25503
25503
25504
25508
25514
25515
25517
25520
25525
25525
25526
25529
25529
25531
25532
25533
25534
25536
25541
25542
25543
25544
25545
25551
25551
25553
25554
25560
25561
25565
25566
25567
25572
25573
25574
25574
25579
25579
25582
25583
25588
25588
25594
25594
25598
25603
25609
25617
25619
25621
25628
25630
25631
25633
25634
25636
25638
25641
25643
25646
25649
25651
25652
25656
25657
25658
25658
25661
25667
25668
25668
25675
25679
25685
25686
25688
25692
25695
25697
25698
25699
25701
25702
25702
25706
25712
25716
25718
25719
25719
25720
25722
25728
25733
25737
25740
25741
25742
25744
25749
25749
25751
25758
25760
25761
25764
25767
25768
25768
25775
25780
25783
25786
25792
25793
25799
25800
25800
25802
25804
25805
25805
25806
25816
25817
25818
25820
25825
25829
25840
25840
25840
25841
25846
25850
25852
25857
25857
25858
25858
25860
25861
25868
25870
25871
25878
25880
25880
25882
25886
25888
25892
25892
25894
25895
25897
25897
25897
25901
25902
25903
25904
25905
25906
25906
25907
25908
25909
25912
25915
25917
25919
25920
25921
25923
25923
25925
25928
25928
25933
25933
25934
25935
25936
25936
25939
25942
25945
25946
25948
25948
25952
25956
25958
25959
25962
25964
25972
25976
25979
25979
25981
25983
25985
25989
25990
25991
25994
25995
26002
26003
26003
26005
26006
26008
26008
26015
26019
26023
26024
26029
26032
26033
26036
26038
26039
26040
26044
26046
26049
26054
26054
26056
26061
26066
26066
26067
26069
26072
26074
26075
26076
26081
26086
26090
26090
26093
26096
26097
26097
26102
26106
26109
26109
26112
26115
26116
26119
26123
26127
26128
26128
26131
26131
26132
26132
26140
26140
26146
26151
26153
26154
26156
26157
26158
26158
26160
26160
26165
26170
26173
26173
26177
26181
26194
26198
26198
26208
26208
26214
26214
26218
26219
26221
26225
26229
26230
26233
26234
26237
26263
26264
26269
26277
26278
26281
26281
26282
26291
26295
26297
26299
26301
26302
26303
26305
26305
26308
26309
26309
26313
26315
26317
26317
26318
26318
26319
26322
26325
26329
26330
26333
26334
26336
26337
26337
26342
26347
26349
26352
26356
26362
26363
26365
26366
26367
26372
26373
26374
26374
26376
26378
26379
26381
26381
26382
26382
26386
26387
26388
26389
26393
26394
26398
26400
26403
26404
26408
26412
26416
26418
26418
26426
26442
26445
26448
26448
26452
26455
26456
26460
26463
26465
26466
26471
26474
26474
26482
26482
26485
26485
26488
26489
26498
26498
26499
26500
26500
26505
26509
26510
26511
26513
26514
26514
26520
26523
26528
26529
26530
26533
26539
26539
26539
26555
26556
26558
26559
26568
26573
26573
26580
26580
26582
26586
26588
26598
26604
26607
26611
26620
26620
26625
26626
26628
26628
26629
26633
26635
26636
26639
26641
26641
26642
26644
26645
26647
26660
26665
26665
26671
26673
26678
26679
26680
26684
26687
26687
26689
26693
26698
26704
26705
26706
26706
26707
26709
26714
26716
26720
26721
26721
26725
26730
26731
26737
26741
26747
26749
26750
26754
26755
26756
26757
26762
26765
26767
26771
26777
26779
26783
26785
26790
26793
26794
26794
26796
26798
26801
26801
26805
26806
26808
26809
26813
26815
26816
26818
26820
26820
26822
26824
26825
26829
26830
26831
26832
26832
26833
26833
26838
26839
26841
26841
26841
26842
26860
26860
26861
26862
26864
26865
26866
26873
26875
26877
26877
26878
26879
26880
26882
26882
26883
26885
26886
26889
26892
26897
26899
26917
26918
26923
26925
26929
26930
26932
26939
26947
26948
26950
26952
26953
26957
26958
26961
26964
26967
26970
26970
26971
26975
26982
26983
26985
26986
26988
26990
26997
27001
27002
27007
27007
27010
27012
27015
27016
27017
27017
27023
27028
27029
27029
27032
27035
27035
27046
27047
27051
27059
27060
27062
27064
27064
27065
27073
27073
27075
27077
27079
27080
27082
27084
27088
27089
27090
27091
27096
27098
27102
27105
27108
27109
27110
27112
27117
27118
27123
27127
27136
27136
27137
27137
27143
27147
27149
27152
27153
27157
27157
27158
27160
27161
27162
27167
27168
27169
27170
27175
27176
27177
27179
27187
27189
27190
27191
27191
27193
27199
27201
27205
27212
27215
27217
27217
27217
27219
27224
27224
27226
27230
27236
27238
27244
27246
27254
27257
27259
27265
27270
27274
27280
27281
27281
27281
27282
27284
27285
27288
27289
27291
27293
27293
27294
27297
27298
27298
27299
27305
27306
27307
27311
27311
27312
27315
27318
27319
27319
27321
27322
27323
27325
27325
27328
27330
27339
27341
27342
27343
27348
27349
27349
27351
27357
27358
27368
27370
27371
27376
27378
27380
27380
27393
27398
27401
27410
27413
27417
27417
27417
27419
27423
27429
27431
27433
27435
27437
27438
27440
27441
27442
27442
27444
27445
27453
27455
27459
27460
27461
27472
27473
27473
27473
27475
27483
27486
27489
27491
27494
27497
27497
27502
27504
27505
27506
27513
27514
27519
27520
27520
27523
27527
27527
27531
27531
27533
27533
27543
27543
27544
27545
27548
27548
27552
27552
27557
27557
27566
27567
27569
27569
27571
27586
27588
27591
27595
27596
27598
27603
27606
27611
27612
27613
27616
27617
27623
27627
27630
27631
27634
27636
27637
27642
27643
27648
27651
27651
27654
27657
27658
27662
27670
27673
27676
27677
27678
27678
27680
27683
27683
27684
27684
27696
27697
27703
27707
27712
27712
27718
27719
27721
27731
27732
27732
27735
27739
27743
27745
27748
27749
27751
27751
27752
27752
27756
27758
27761
27766
27766
27769
27771
27773
27776
27776
27782
27786
27786
27788
27788
27789
27790
27791
27794
27795
27797
27798
27799
27805
27805
27810
27811
27811
27816
27816
27818
27820
27822
27824
27828
27829
27831
27834
27834
27835
27839
27839
27839
27849
27850
27850
27860
27869
27869
27870
27871
27871
27872
27872
27881
27882
27885
27886
27888
27898
27899
27899
27902
27902
27906
27908
27910
27911
27911
27912
27912
27917
27920
27921
27923
27924
27931
27932
27933
27934
27935
27937
27938
27938
27939
27939
27948
27949
27954
27960
27961
27962
27970
27971
27974
27976
27977
27984
27988
27990
27993
27998
27999
27999
28004
28004
28008
28011
28012
28013
28015
28017
28020
28028
28031
28032
28038
28041
28047
28050
28056
28057
28059
28059
28066
28069
28071
28079
28079
28082
28087
28087
28088
28088
28090
28094
28095
28095
28096
28096
28100
28101
28102
28105
28111
28111
28112
28114
28114
28118
28120
28120
28130
28131
28134
28135
28136
28137
28140
28140
28141
28142
28149
28149
28157
28158
28160
28160
28160
28161
28162
28166
28166
28167
28168
28168
28170
28172
28175
28177
28178
28179
28179
28179
28184
28186
28187
28187
28192
28195
28198
28206
28208
28219
28220
28221
28225
28229
28229
28230
28231
28235
28244
28244
28247
28249
28252
28257
28257
28260
28260
28267
28268
28271
28271
28271
28273
28276
28280
28281
28282
28287
28295
28297
28312
28313
28319
28326
28328
28328
28329
28329
28330
28331
28336
28336
28337
28340
28348
28348
28349
28355
28355
28361
28362
28372
28372
28374
28375
28377
28381
28382
28383
28386
28387
28390
28391
28394
28396
28399
28403
28406
28407
28409
28411
28411
28413
28415
28420
28433
28434
28435
28435
28438
28441
28443
28443
28444
28447
28450
28451
28451
28459
28461
28467
28473
28474
28477
28478
28479
28479
28483
28484
28485
28487
28488
28491
28492
28494
28497
28503
28506
28509
28510
28510
28511
28518
28523
28524
28525
28525
28529
28530
28530
28535
28536
28536
28547
28551
28553
28555
28557
28561
28561
28562
28564
28566
28567
28570
28571
28574
28576
28577
28580
28585
28589
28590
28593
28594
28595
28597
28598
28600
28602
28603
28609
28611
28612
28613
28615
28616
28622
28631
28633
28633
28635
28640
28640
28640
28642
28642
28644
28652
28657
28658
28659
28660
28664
28666
28667
28670
28671
28671
28676
28676
28677
28678
28679
28685
28688
28689
28693
28706
28707
28707
28708
28712
28717
28719
28719
28723
28723
28724
28727
28729
28731
28731
28735
28735
28738
28742
28742
28744
28746
28746
28748
28750
28752
28761
28761
28764
28769
28769
28772
28778
28781
28784
28797
28806
28807
28807
28807
28808
28813
28815
28819
28821
28827
28829
28829
28830
28841
28841
28842
28848
28849
28854
28857
28858
28862
28862
28864
28865
28869
28871
28874
28874
28878
28879
28880
28883
28885
28888
28890
28901
28901
28902
28904
28904
28905
28906
28910
28911
28913
28913
28916
28918
28920
28923
28926
28926
28927
28928
28935
28938
28939
28940
28946
28947
28949
28950
28950
28951
28951
28958
28959
28960
28961
28963
28964
28967
28970
28974
28982
28982
28983
28983
28984
28986
28990
28994
28997
29002
29005
29005
29009
29014
29015
29018
29022
29032
29033
29033
29038
29038
29041
29047
29048
29048
29051
29062
29069
29076
29077
29077
29080
29082
29083
29083
29093
29095
29096
29100
29101
29102
29104
29105
29106
29106
29110
29112
29114
29116
29117
29118
29120
29122
29122
29136
29138
29157
29158
29164
29166
29170
29171
29171
29172
29173
29173
29173
29174
29179
29179
29179
29181
29185
29185
29189
29193
29198
29201
29205
29208
29209
29210
29211
29212
29217
29220
29221
29223
29223
29228
29238
29244
29250
29259
29265
29267
29273
29277
29290
29291
29295
29297
29299
29300
29303
29310
29330
29339
29340
29346
29347
29347
29350
29353
29353
29353
29354
29356
29357
29358
29360
29363
29363
29367
29370
29370
29371
29378
29387
29389
29393
29394
29394
29394
29394
29399
29407
29409
29411
29418
29422
29424
29425
29426
29427
29440
29441
29453
29454
29454
29454
29458
29459
29460
29464
29466
29471
29472
29474
29478
29481
29483
29484
29484
29485
29487
29489
29489
29493
29494
29495
29497
29498
29502
29505
29507
29507
29507
29508
29512
29515
29517
29517
29518
29519
29521
29521
29524
29527
29531
29532
29534
29534
29541
29542
29547
29550
29554
29557
29559
29562
29565
29568
29570
29571
29571
29571
29577
29578
29581
29583
29583
29584
29584
29586
29586
29591
29592
29596
29597
29602
29603
29603
29604
29604
29608
29612
29616
29617
29619
29619
29620
29624
29624
29627
29627
29629
29630
29632
29632
29639
29643
29647
29650
29651
29652
29653
29661
29663
29666
29672
29673
29673
29674
29675
29677
29681
29681
29682
29684
29688
29688
29690
29692
29692
29701
29701
29705
29706
29706
29711
29712
29715
29716
29717
29720
29722
29723
29726
29728
29730
29736
29742
29743
29746
29746
29748
29748
29754
29756
29759
29760
29773
29776
29777
29777
29780
29787
29793
29794
29795
29798
29799
29799
29800
29803
29809
29811
29812
29816
29816
29823
29830
29832
29835
29841
29842
29843
29845
29848
29850
29854
29856
29858
29859
29865
29866
29866
29866
29867
29871
29877
29878
29879
29884
29887
29892
29894
29897
29902
29902
29904
29905
29909
29909
29911
29912
29912
29913
29913
29915
29916
29921
29928
29932
29933
29935
29936
29940
29942
29948
29954
29958
29959
29960
29964
29965
29965
29968
29968
29973
29978
29978
29980
29984
29984
29987
29990
29991
29992
29994
